435848
427199
428279
491917
491913
72776
73677
71891
71885
70985
432145
372285
330386
414473
417846
344517
420172
419079
335507
340631
378360
361160
327827
405467
409969
327826
330385
377146
422405
406702
407827
437509
336791
414474
431060
348358
393975
450656
429988
349594
372286
426747
434299
414574
431058
434295
454542
424582
60484
63077
61346
63076
61351
63079
240329
226246
308024
376503
316900
283626
282347
406063
284925
346359
356880
359442
56938
63777
41016
65356
66221
83876
67954
63689
63688
70744
19803
60277
49759
38149
38824
64558
48298
80048
13033
76230
53692
50611
65478
66343
34192
52099
52889
30363
88674
88675
19308
267287
290282
75475
73670
73667
74574
75467
75471
72770
72768
72773
72771
444043
451042
105278
159752
98156
135007
92139
165790
102191
102186
91156
181829
64216
119318
107441
108521
59904
106360
94170
106401
79629
130547
88251
122686
90178
91114
130602
97130
86320
106379
109647
102189
225942
223376
65701
65702
65693
68291
66561
67428
67420
53155
57951
57149
70069
61363
61369
71877
61362
70968
53154
57960
52352
67417
60498
70978
62234
59633
61352
62216
63080
58770
70977
58779
61370
47778
47771
48527
47022
40533
41977
41976
103934
110371
110370
101902
110358
107127
104962
104972
110369
98817
110367
100880
110366
104963
98831
101899
90837
104970
32531
35090
20522
35739
30611
30013
36386
34453
26480
21538
20529
86012
83126
80266
64800
86024
69156
68254
68267
82167
72755
78336
75449
70945
71842
85059
85053
247812
247990
17971
28086
10420
168200
279088
281685
56310
55508
57109
126957
131457
78356
95875
80278
80268
91868
77399
78363
77398
74575
79308
95856
75479
89893
85077
77389
98224
86387
115113
115115
118339
125005
111873
83509
83508
112957
109717
119424
116188
80627
114031
96222
112949
80628
112958
88306
88307
118345
287816
277572
286536
212535
110756
105359
108600
113998
113997
107521
123868
117237
107523
108604
106438
108599
111843
119397
201914
72114
73021
72118
70316
149452
176026
145865
252245
58759
57948
18543
35710
36365
18076
456531
456529
434390
461323
454610
434389
228517
288699
188882
19220
37270
46322
50981
32078
27753
209708
27623
47031
37052
27624
19514
201865
205701
185632
204831
48496
55515
50775
58736
57125
50776
56326
57935
16415
15064
110084
112243
112249
111164
149544
111107
78090
112239
111158
111165
115483
113256
124342
131002
84859
105693
106771
96616
132174
92601
84810
83850
82890
107888
99645
114444
105729
125435
117687
86730
145954
114460
113380
138988
140135
138983
107851
111092
110012
28519
156746
156747
25626
116522
16884
117602
115442
93538
124349
84858
118742
18324
95617
89666
75150
81026
104630
91573
19286
127639
102658
103675
36073
143652
142500
101630
137862
139015
112177
78089
72515
101606
101659
79033
103691
87724
82805
83765
101643
102667
119778
127626
105692
114467
114469
113381
26754
98540
111098
94565
148342
102710
94604
93600
78088
88700
113257
110017
75156
74253
75157
74251
119822
100534
106774
123186
99510
109065
81921
82880
26204
87618
94594
100539
139040
129876
96617
17844
119777
98626
105691
101690
93536
77131
95616
79063
95517
105728
106802
108968
97528
103641
94522
98528
100566
26779
98588
97590
104633
114377
79049
93602
119792
119779
131003
34118
34758
95590
78963
115480
124292
95542
74301
28525
127698
144802
115526
132208
127638
129946
104666
107975
75197
98521
182168
97540
139041
102707
102711
108938
97547
110019
80010
125449
110020
77130
78004
81874
340754
399400
399401
419792
399415
393574
340243
